"name","region","date","value","value_daily"
"cases","Alberta","2022-11-06","615163","138"
"cases","Alberta","2022-11-07","615338","175"
"cases","Alberta","2022-11-08","615568","230"
"cases","Alberta","2022-11-09","615749","181"
"cases","Alberta","2022-11-10","615990","241"
"cases","Alberta","2022-11-11","616140","150"
"cases","Alberta","2022-11-12","616338","198"
"cases","Alberta","2022-11-13","616498","160"
"cases","Alberta","2022-11-14","616675","177"
"cases","Alberta","2022-11-15","616935","260"
"cases","Alberta","2022-11-16","617179","244"
"cases","Alberta","2022-11-17","617353","174"
"cases","Alberta","2022-11-18","617508","155"
"cases","Alberta","2022-11-19","617715","207"
"cases","Alberta","2022-11-20","617844","129"
"cases","Alberta","2022-11-21","618031","187"
"cases","Alberta","2022-11-22","618212","181"
"cases","Alberta","2022-11-23","618488","276"
"cases","Alberta","2022-11-24","618691","203"
"cases","Alberta","2022-11-25","618898","207"
"cases","Alberta","2022-11-26","619083","185"
"cases","Alberta","2022-11-27","619217","134"
"cases","Alberta","2022-11-28","619345","128"
"cases","British Columbia","2022-11-06","388174","64"
"cases","British Columbia","2022-11-07","388244","70"
"cases","British Columbia","2022-11-08","388318","74"
"cases","British Columbia","2022-11-09","388396","78"
"cases","British Columbia","2022-11-10","388472","76"
"cases","British Columbia","2022-11-11","388534","62"
"cases","British Columbia","2022-11-12","388594","60"
"cases","British Columbia","2022-11-13","388655","61"
"cases","British Columbia","2022-11-14","388710","55"
"cases","British Columbia","2022-11-15","388800","90"
"cases","British Columbia","2022-11-16","388872","72"
"cases","British Columbia","2022-11-17","388936","64"
"cases","British Columbia","2022-11-18","389027","91"
"cases","British Columbia","2022-11-19","389092","65"
"cases","British Columbia","2022-11-20","389167","75"
"cases","British Columbia","2022-11-21","389273","106"
"cases","British Columbia","2022-11-22","389355","82"
"cases","British Columbia","2022-11-23","389427","72"
"cases","British Columbia","2022-11-24","389534","107"
"cases","British Columbia","2022-11-25","389621","87"
"cases","British Columbia","2022-11-26","389696","75"
"cases","Manitoba","2022-11-06","152072","0"
"cases","Manitoba","2022-11-07","152072","0"
"cases","Manitoba","2022-11-08","152072","0"
"cases","Manitoba","2022-11-09","152072","0"
"cases","Manitoba","2022-11-10","152072","0"
"cases","Manitoba","2022-11-11","152072","0"
"cases","Manitoba","2022-11-12","152345","273"
"cases","Manitoba","2022-11-13","152345","0"
"cases","Manitoba","2022-11-14","152345","0"
"cases","Manitoba","2022-11-15","152345","0"
"cases","Manitoba","2022-11-16","152345","0"
"cases","Manitoba","2022-11-17","152345","0"
"cases","Manitoba","2022-11-18","152345","0"
"cases","Manitoba","2022-11-19","152657","312"
"cases","Manitoba","2022-11-20","152657","0"
"cases","Manitoba","2022-11-21","152657","0"
"cases","Manitoba","2022-11-22","152657","0"
"cases","Manitoba","2022-11-23","152657","0"
"cases","Manitoba","2022-11-24","152657","0"
"cases","Manitoba","2022-11-25","152657","0"
"cases","Manitoba","2022-11-26","152657","0"
"cases","Manitoba","2022-11-27","152657","0"
"cases","Manitoba","2022-11-28","152657","0"
"cases","Manitoba","2022-11-29","152657","0"
"cases","Manitoba","2022-11-30","152657","0"
"cases","Manitoba","2022-12-01","152657","0"
"cases","Manitoba","2022-12-02","152657","0"
"cases","Manitoba","2022-12-03","152657","0"
"cases","Manitoba","2022-12-04","152657","0"
"cases","Manitoba","2022-12-05","152657","0"
"cases","Manitoba","2022-12-06","152657","0"
"cases","Manitoba","2022-12-07","152657","0"
"cases","Manitoba","2022-12-08","152657","0"
"cases","Manitoba","2022-12-09","152657","0"
"cases","Manitoba","2022-12-10","152657","0"
"cases","Manitoba","2022-12-11","152657","0"
"cases","Manitoba","2022-12-12","152657","0"
"cases","Manitoba","2022-12-13","152657","0"
"cases","Manitoba","2022-12-14","152657","0"
"cases","Manitoba","2022-12-15","152657","0"
"cases","Manitoba","2022-12-16","152657","0"
"cases","Manitoba","2022-12-17","152657","0"
"cases","Manitoba","2022-12-18","152657","0"
"cases","Manitoba","2022-12-19","152657","0"
"cases","Manitoba","2022-12-20","152657","0"
"cases","Manitoba","2022-12-21","152657","0"
"cases","Manitoba","2022-12-22","152657","0"
"cases","Manitoba","2022-12-23","152657","0"
"cases","Manitoba","2022-12-24","152657","0"
"cases","Manitoba","2022-12-25","152657","0"
"cases","Manitoba","2022-12-26","152939","282"
"cases","New Brunswick","2022-11-06","81269","0"
"cases","New Brunswick","2022-11-07","81269","0"
"cases","New Brunswick","2022-11-08","81269","0"
"cases","New Brunswick","2022-11-09","81269","0"
"cases","New Brunswick","2022-11-10","81269","0"
"cases","New Brunswick","2022-11-11","81269","0"
"cases","New Brunswick","2022-11-12","81787","518"
"cases","New Brunswick","2022-11-13","81787","0"
"cases","New Brunswick","2022-11-14","81787","0"
"cases","New Brunswick","2022-11-15","81787","0"
"cases","New Brunswick","2022-11-16","81787","0"
"cases","New Brunswick","2022-11-17","81787","0"
"cases","New Brunswick","2022-11-18","81787","0"
"cases","New Brunswick","2022-11-19","82223","436"
"cases","New Brunswick","2022-11-20","82223","0"
"cases","New Brunswick","2022-11-21","82223","0"
"cases","New Brunswick","2022-11-22","82223","0"
"cases","New Brunswick","2022-11-23","82223","0"
"cases","New Brunswick","2022-11-24","82223","0"
"cases","New Brunswick","2022-11-25","82223","0"
"cases","New Brunswick","2022-11-26","82819","596"
"cases","Newfoundland and Labrador","2022-11-06","52933","8"
"cases","Newfoundland and Labrador","2022-11-07","52949","16"
"cases","Newfoundland and Labrador","2022-11-08","52975","26"
"cases","Newfoundland and Labrador","2022-11-09","53019","44"
"cases","Newfoundland and Labrador","2022-11-10","53049","30"
"cases","Newfoundland and Labrador","2022-11-11","53069","20"
"cases","Newfoundland and Labrador","2022-11-12","53106","37"
"cases","Newfoundland and Labrador","2022-11-13","53116","10"
"cases","Newfoundland and Labrador","2022-11-14","53128","12"
"cases","Newfoundland and Labrador","2022-11-15","53147","19"
"cases","Newfoundland and Labrador","2022-11-16","53196","49"
"cases","Newfoundland and Labrador","2022-11-17","53225","29"
"cases","Newfoundland and Labrador","2022-11-18","53244","19"
"cases","Newfoundland and Labrador","2022-11-19","53263","19"
"cases","Newfoundland and Labrador","2022-11-20","53290","27"
"cases","Newfoundland and Labrador","2022-11-21","53305","15"
"cases","Newfoundland and Labrador","2022-11-22","53324","19"
"cases","Newfoundland and Labrador","2022-11-23","53345","21"
"cases","Newfoundland and Labrador","2022-11-24","53383","38"
"cases","Newfoundland and Labrador","2022-11-25","53412","29"
"cases","Newfoundland and Labrador","2022-11-26","53429","17"
"cases","Newfoundland and Labrador","2022-11-27","53444","15"
"cases","Newfoundland and Labrador","2022-11-28","53457","13"
"cases","Newfoundland and Labrador","2022-11-29","53479","22"
"cases","Newfoundland and Labrador","2022-11-30","53503","24"
"cases","Nova Scotia","2022-11-06","128052","0"
"cases","Nova Scotia","2022-11-07","128723","671"
"cases","Nova Scotia","2022-11-08","128723","0"
"cases","Nova Scotia","2022-11-09","128723","0"
"cases","Nova Scotia","2022-11-10","128723","0"
"cases","Nova Scotia","2022-11-11","128723","0"
"cases","Nova Scotia","2022-11-12","128723","0"
"cases","Nova Scotia","2022-11-13","128723","0"
"cases","Nova Scotia","2022-11-14","129275","552"
"cases","Nova Scotia","2022-11-15","129275","0"
"cases","Nova Scotia","2022-11-16","129275","0"
"cases","Nova Scotia","2022-11-17","129275","0"
"cases","Nova Scotia","2022-11-18","129275","0"
"cases","Nova Scotia","2022-11-19","129275","0"
"cases","Nova Scotia","2022-11-20","129275","0"
"cases","Nova Scotia","2022-11-21","129790","515"
"cases","Nova Scotia","2022-11-22","129790","0"
"cases","Nova Scotia","2022-11-23","129790","0"
"cases","Nova Scotia","2022-11-24","129790","0"
"cases","Nova Scotia","2022-11-25","129790","0"
"cases","Nova Scotia","2022-11-26","129790","0"
"cases","Nova Scotia","2022-11-27","129790","0"
"cases","Nova Scotia","2022-11-28","130334","544"
"cases","Ontario","2022-11-06","1501940","1043"
"cases","Ontario","2022-11-07","1502633","693"
"cases","Ontario","2022-11-08","1503638","1005"
"cases","Ontario","2022-11-09","1504859","1221"
"cases","Ontario","2022-11-10","1505899","1040"
"cases","Ontario","2022-11-11","1506882","983"
"cases","Ontario","2022-11-12","1507758","876"
"cases","Ontario","2022-11-13","1508389","631"
"cases","Ontario","2022-11-14","1508882","493"
"cases","Ontario","2022-11-15","1509569","687"
"cases","Ontario","2022-11-16","1510532","963"
"cases","Ontario","2022-11-17","1511283","751"
"cases","Ontario","2022-11-18","1512333","1050"
"cases","Ontario","2022-11-19","1513488","1155"
"cases","Ontario","2022-11-20","1514188","700"
"cases","Ontario","2022-11-21","1514609","421"
"cases","Ontario","2022-11-22","1515080","471"
"cases","Ontario","2022-11-23","1515916","836"
"cases","Ontario","2022-11-24","1516763","847"
"cases","Ontario","2022-11-25","1517569","806"
"cases","Ontario","2022-11-26","1518257","688"
"cases","Ontario","2022-11-27","1518887","630"
"cases","Ontario","2022-11-28","1519311","424"
"cases","Ontario","2022-11-29","1519752","441"
"cases","Ontario","2022-11-30","1520585","833"
"cases","Ontario","2022-12-01","1521425","840"
"cases","Prince Edward Island","2022-11-06","53797","0"
"cases","Prince Edward Island","2022-11-07","53797","0"
"cases","Prince Edward Island","2022-11-08","53797","0"
"cases","Prince Edward Island","2022-11-09","53797","0"
"cases","Prince Edward Island","2022-11-10","53797","0"
"cases","Prince Edward Island","2022-11-11","53797","0"
"cases","Prince Edward Island","2022-11-12","53977","180"
"cases","Prince Edward Island","2022-11-13","53977","0"
"cases","Prince Edward Island","2022-11-14","53977","0"
"cases","Prince Edward Island","2022-11-15","53977","0"
"cases","Prince Edward Island","2022-11-16","53977","0"
"cases","Prince Edward Island","2022-11-17","53977","0"
"cases","Prince Edward Island","2022-11-18","53977","0"
"cases","Prince Edward Island","2022-11-19","54257","280"
"cases","Quebec","2022-11-06","1225727","603"
"cases","Quebec","2022-11-07","1226362","635"
"cases","Quebec","2022-11-08","1227288","926"
"cases","Quebec","2022-11-09","1228200","912"
"cases","Quebec","2022-11-10","1229085","885"
"cases","Quebec","2022-11-11","1229812","727"
"cases","Quebec","2022-11-12","1230482","670"
"cases","Quebec","2022-11-13","1231000","518"
"cases","Quebec","2022-11-14","1231521","521"
"cases","Quebec","2022-11-15","1232334","813"
"cases","Quebec","2022-11-16","1233369","1035"
"cases","Quebec","2022-11-17","1234208","839"
"cases","Quebec","2022-11-18","1235003","795"
"cases","Quebec","2022-11-19","1235708","705"
"cases","Quebec","2022-11-20","1236319","611"
"cases","Quebec","2022-11-21","1236937","618"
"cases","Quebec","2022-11-22","1237907","970"
"cases","Quebec","2022-11-23","1238980","1073"
"cases","Quebec","2022-11-24","1240006","1026"
"cases","Quebec","2022-11-25","1240950","944"
"cases","Quebec","2022-11-26","1241799","849"
"cases","Quebec","2022-11-27","1242498","699"
"cases","Quebec","2022-11-28","1243244","746"
"cases","Quebec","2022-11-29","1244397","1153"
"cases","Quebec","2022-11-30","1245603","1206"
"cases","Quebec","2022-12-01","1246839","1236"
"cases","Saskatchewan","2022-11-06","146965","0"
"cases","Saskatchewan","2022-11-07","146965","0"
"cases","Saskatchewan","2022-11-08","146965","0"
"cases","Saskatchewan","2022-11-09","146965","0"
"cases","Saskatchewan","2022-11-10","146965","0"
"cases","Saskatchewan","2022-11-11","146965","0"
"cases","Saskatchewan","2022-11-12","147413","448"
"cases","Saskatchewan","2022-11-13","147413","0"
"cases","Saskatchewan","2022-11-14","147413","0"
"cases","Saskatchewan","2022-11-15","147413","0"
"cases","Saskatchewan","2022-11-16","147413","0"
"cases","Saskatchewan","2022-11-17","147413","0"
"cases","Saskatchewan","2022-11-18","147413","0"
"cases","Saskatchewan","2022-11-19","147866","453"
"cases","Yukon","2022-11-06","5578","5"
"cases","Yukon","2022-11-07","5581","3"
"cases","Yukon","2022-11-08","5582","1"
"cases","Yukon","2022-11-09","5582","0"
"cases","Yukon","2022-11-10","5588","6"
